   1.0000000e+00   9.2594561e-01   9.7189552e-01   9.1301553e-01   9.3625886e-01   8.5665631e-01   9.7543668e-01   9.1441402e-01   8.3112245e-01   8.2659691e-01   9.1467692e-01   7.7679719e-01   8.7951383e-01   8.8058566e-01
   9.2594561e-01   1.0000000e+00   9.1292008e-01   9.6471522e-01   8.7106500e-01   9.1244295e-01   8.9565462e-01   9.6952322e-01   8.0020073e-01   8.9537175e-01   8.7268098e-01   8.5966461e-01   8.3304154e-01   9.2711330e-01
   9.7189552e-01   9.1292008e-01   1.0000000e+00   9.4225825e-01   9.5329803e-01   8.9083341e-01   9.4711525e-01   8.8453783e-01   8.4358469e-01   8.4168801e-01   8.8518640e-01   7.7951483e-01   9.4786330e-01   9.3209571e-01
   9.1301553e-01   9.6471522e-01   9.4225825e-01   1.0000000e+00   8.7257721e-01   9.0376331e-01   8.7654024e-01   9.2835579e-01   7.5241780e-01   8.5053013e-01   8.1857972e-01   7.9037362e-01   8.7727295e-01   9.6869832e-01
   9.3625886e-01   8.7106500e-01   9.5329803e-01   8.7257721e-01   1.0000000e+00   9.3221433e-01   9.4630947e-01   8.6260060e-01   9.3319642e-01   8.9736052e-01   9.0127170e-01   8.3573236e-01   9.6565466e-01   9.1450808e-01
   8.5665631e-01   9.1244295e-01   8.9083341e-01   9.0376331e-01   9.3221433e-01   1.0000000e+00   8.6449196e-01   8.9776507e-01   9.1157368e-01   9.7396144e-01   8.6203863e-01   9.1552893e-01   9.1986805e-01   9.6108328e-01
   9.7543668e-01   8.9565462e-01   9.4711525e-01   8.7654024e-01   9.4630947e-01   8.6449196e-01   1.0000000e+00   9.1614703e-01   8.4445206e-01   8.1690762e-01   8.7185847e-01   7.4897920e-01   8.8156848e-01   8.7095874e-01
   9.1441402e-01   9.6952322e-01   8.8453783e-01   9.2835579e-01   8.6260060e-01   8.9776507e-01   9.1614703e-01   1.0000000e+00   7.7190149e-01   8.5923046e-01   8.2779182e-01   7.9871679e-01   8.0542661e-01   9.0945262e-01
   8.3112245e-01   8.0020073e-01   8.4358469e-01   7.5241780e-01   9.3319642e-01   9.1157368e-01   8.4445206e-01   7.7190149e-01   1.0000000e+00   9.3460227e-01   9.2253471e-01   9.1507134e-01   8.8714856e-01   8.1908870e-01
   8.2659691e-01   8.9537175e-01   8.4168801e-01   8.5053013e-01   8.9736052e-01   9.7396144e-01   8.1690762e-01   8.5923046e-01   9.3460227e-01   1.0000000e+00   9.0467823e-01   9.7908389e-01   8.6066076e-01   8.9970573e-01
   9.1467692e-01   8.7268098e-01   8.8518640e-01   8.1857972e-01   9.0127170e-01   8.6203863e-01   8.7185847e-01   8.2779182e-01   9.2253471e-01   9.0467823e-01   1.0000000e+00   9.0664265e-01   8.2382562e-01   8.1201370e-01
   7.7679719e-01   8.5966461e-01   7.7951483e-01   7.9037362e-01   8.3573236e-01   9.1552893e-01   7.4897920e-01   7.9871679e-01   9.1507134e-01   9.7908389e-01   9.0664265e-01   1.0000000e+00   7.8886661e-01   8.2514293e-01
   8.7951383e-01   8.3304154e-01   9.4786330e-01   8.7727295e-01   9.6565466e-01   9.1986805e-01   8.8156848e-01   8.0542661e-01   8.8714856e-01   8.6066076e-01   8.2382562e-01   7.8886661e-01   1.0000000e+00   9.3303929e-01
   8.8058566e-01   9.2711330e-01   9.3209571e-01   9.6869832e-01   9.1450808e-01   9.6108328e-01   8.7095874e-01   9.0945262e-01   8.1908870e-01   8.9970573e-01   8.1201370e-01   8.2514293e-01   9.3303929e-01   1.0000000e+00
