   1.0000000e+00   8.1463782e-01   9.8738123e-01   8.1783444e-01   9.9073661e-01   8.1211075e-01
   8.1463782e-01   1.0000000e+00   8.2503416e-01   9.8828026e-01   8.1486554e-01   9.8712069e-01
   9.8738123e-01   8.2503416e-01   1.0000000e+00   8.3594333e-01   9.8986443e-01   8.2825867e-01
   8.1783444e-01   9.8828026e-01   8.3594333e-01   1.0000000e+00   8.2371997e-01   9.9510957e-01
   9.9073661e-01   8.1486554e-01   9.8986443e-01   8.2371997e-01   1.0000000e+00   8.1986523e-01
   8.1211075e-01   9.8712069e-01   8.2825867e-01   9.9510957e-01   8.1986523e-01   1.0000000e+00
