   1.0000000e+00   8.4017573e-01   6.9792690e-01   6.7581431e-01   7.2127536e-01   6.7117566e-01   8.9960744e-01   7.9228180e-01   9.6918685e-01   8.2362122e-01   8.7197054e-01   7.7861915e-01
   8.4017573e-01   1.0000000e+00   7.0681711e-01   8.5043056e-01   7.2194559e-01   8.2149498e-01   8.2419373e-01   9.6394011e-01   8.5224348e-01   9.7986728e-01   8.2099360e-01   9.2748099e-01
   6.9792690e-01   7.0681711e-01   1.0000000e+00   8.2006317e-01   9.4176593e-01   7.8745363e-01   9.1741568e-01   7.6972986e-01   7.7291503e-01   7.2445148e-01   9.0221938e-01   7.7133254e-01
   6.7581431e-01   8.5043056e-01   8.2006317e-01   1.0000000e+00   8.1199153e-01   9.3206968e-01   8.0626200e-01   9.3663993e-01   7.2396544e-01   8.6238527e-01   8.1189858e-01   9.2304920e-01
   7.2127536e-01   7.2194559e-01   9.4176593e-01   8.1199153e-01   1.0000000e+00   8.5527096e-01   8.8251073e-01   7.7626951e-01   8.0706529e-01   7.6210830e-01   9.5072292e-01   8.2445348e-01
   6.7117566e-01   8.2149498e-01   7.8745363e-01   9.3206968e-01   8.5527096e-01   1.0000000e+00   7.7651691e-01   8.8862995e-01   7.3892427e-01   8.7607974e-01   8.4443295e-01   9.5451375e-01
   8.9960744e-01   8.2419373e-01   9.1741568e-01   8.0626200e-01   8.8251073e-01   7.7651691e-01   1.0000000e+00   8.4500706e-01   9.2127999e-01   8.1851661e-01   9.5097549e-01   8.2514025e-01
   7.9228180e-01   9.6394011e-01   7.6972986e-01   9.3663993e-01   7.7626951e-01   8.8862995e-01   8.4500706e-01   1.0000000e+00   8.1762697e-01   9.4721128e-01   8.4156417e-01   9.5736421e-01
   9.6918685e-01   8.5224348e-01   7.7291503e-01   7.2396544e-01   8.0706529e-01   7.3892427e-01   9.2127999e-01   8.1762697e-01   1.0000000e+00   8.5805661e-01   9.3765733e-01   8.3263094e-01
   8.2362122e-01   9.7986728e-01   7.2445148e-01   8.6238527e-01   7.6210830e-01   8.7607974e-01   8.1851661e-01   9.4721128e-01   8.5805661e-01   1.0000000e+00   8.4586239e-01   9.5970830e-01
   8.7197054e-01   8.2099360e-01   9.0221938e-01   8.1189858e-01   9.5072292e-01   8.4443295e-01   9.5097549e-01   8.4156417e-01   9.3765733e-01   8.4586239e-01   1.0000000e+00   8.7586803e-01
   7.7861915e-01   9.2748099e-01   7.7133254e-01   9.2304920e-01   8.2445348e-01   9.5451375e-01   8.2514025e-01   9.5736421e-01   8.3263094e-01   9.5970830e-01   8.7586803e-01   1.0000000e+00
