   1.0000000e+00   7.3665858e-01   9.7934232e-01   7.5483576e-01   9.3817857e-01   7.4189045e-01   9.6879866e-01   7.4567631e-01   9.9399629e-01   7.4703826e-01   9.5059280e-01   7.5723725e-01
   7.3665858e-01   1.0000000e+00   7.5174923e-01   9.8205565e-01   7.2974526e-01   9.2829487e-01   7.1782119e-01   9.8096699e-01   7.2947493e-01   9.8164382e-01   7.4427274e-01   9.5417791e-01
   9.7934232e-01   7.5174923e-01   1.0000000e+00   7.8722827e-01   9.8131196e-01   7.9546357e-01   9.4384480e-01   7.6265730e-01   9.7227436e-01   7.6339842e-01   9.8883214e-01   8.0045588e-01
   7.5483576e-01   9.8205565e-01   7.8722827e-01   1.0000000e+00   7.7960027e-01   9.7578140e-01   7.2723773e-01   9.7152274e-01   7.5036500e-01   9.7095040e-01   7.9017505e-01   9.8830899e-01
   9.3817857e-01   7.2974526e-01   9.8131196e-01   7.7960027e-01   1.0000000e+00   8.0797926e-01   8.8294516e-01   7.4544158e-01   9.3250638e-01   7.4772541e-01   9.8311395e-01   8.0588980e-01
   7.4189045e-01   9.2829487e-01   7.9546357e-01   9.7578140e-01   8.0797926e-01   1.0000000e+00   7.0598779e-01   9.2619737e-01   7.3966083e-01   9.2652283e-01   8.1351419e-01   9.9056392e-01
   9.6879866e-01   7.1782119e-01   9.4384480e-01   7.2723773e-01   8.8294516e-01   7.0598779e-01   1.0000000e+00   7.3308753e-01   9.7341162e-01   7.2980734e-01   9.1764939e-01   7.2666246e-01
   7.4567631e-01   9.8096699e-01   7.6265730e-01   9.7152274e-01   7.4544158e-01   9.2619737e-01   7.3308753e-01   1.0000000e+00   7.4455921e-01   9.9721968e-01   7.6073133e-01   9.6100821e-01
   9.9399629e-01   7.2947493e-01   9.7227436e-01   7.5036500e-01   9.3250638e-01   7.3966083e-01   9.7341162e-01   7.4455921e-01   1.0000000e+00   7.4518053e-01   9.4946612e-01   7.5684763e-01
   7.4703826e-01   9.8164382e-01   7.6339842e-01   9.7095040e-01   7.4772541e-01   9.2652283e-01   7.2980734e-01   9.9721968e-01   7.4518053e-01   1.0000000e+00   7.6093922e-01   9.6034450e-01
   9.5059280e-01   7.4427274e-01   9.8883214e-01   7.9017505e-01   9.8311395e-01   8.1351419e-01   9.1764939e-01   7.6073133e-01   9.4946612e-01   7.6093922e-01   1.0000000e+00   8.1352048e-01
   7.5723725e-01   9.5417791e-01   8.0045588e-01   9.8830899e-01   8.0588980e-01   9.9056392e-01   7.2666246e-01   9.6100821e-01   7.5684763e-01   9.6034450e-01   8.1352048e-01   1.0000000e+00
