   1.0000000e+00   8.9303309e-01   9.3217091e-01   7.4006129e-01   9.4844357e-01   8.2428305e-01   9.9216251e-01   9.1579911e-01
   8.9303309e-01   1.0000000e+00   8.7602399e-01   8.8617871e-01   8.5253001e-01   9.2380518e-01   8.7311485e-01   9.8251733e-01
   9.3217091e-01   8.7602399e-01   1.0000000e+00   8.4195176e-01   8.4467207e-01   7.6667703e-01   9.2059952e-01   8.8098892e-01
   7.4006129e-01   8.8617871e-01   8.4195176e-01   1.0000000e+00   6.2573162e-01   7.1798713e-01   7.0356075e-01   8.5330139e-01
   9.4844357e-01   8.5253001e-01   8.4467207e-01   6.2573162e-01   1.0000000e+00   8.8662090e-01   9.4975434e-01   8.6477110e-01
   8.2428305e-01   9.2380518e-01   7.6667703e-01   7.1798713e-01   8.8662090e-01   1.0000000e+00   8.0942311e-01   8.8642994e-01
   9.9216251e-01   8.7311485e-01   9.2059952e-01   7.0356075e-01   9.4975434e-01   8.0942311e-01   1.0000000e+00   9.1127140e-01
   9.1579911e-01   9.8251733e-01   8.8098892e-01   8.5330139e-01   8.6477110e-01   8.8642994e-01   9.1127140e-01   1.0000000e+00
