   1.0000000e+00   8.6095433e-01   9.8663596e-01   8.4394235e-01   9.9493053e-01   8.5031733e-01   9.9296808e-01   8.5033998e-01   9.3170547e-01   8.5828723e-01   9.2078168e-01   8.1508307e-01
   8.6095433e-01   1.0000000e+00   8.4158951e-01   9.8743538e-01   8.6053671e-01   9.8489207e-01   8.5577914e-01   9.8568921e-01   8.4630507e-01   9.6975021e-01   8.0255542e-01   9.3609903e-01
   9.8663596e-01   8.4158951e-01   1.0000000e+00   8.3715597e-01   9.8110232e-01   8.2386720e-01   9.9041389e-01   8.2567982e-01   9.1571368e-01   8.3931302e-01   9.4402510e-01   8.1236119e-01
   8.4394235e-01   9.8743538e-01   8.3715597e-01   1.0000000e+00   8.3829554e-01   9.5961058e-01   8.3829619e-01   9.6312973e-01   8.4118101e-01   9.6536899e-01   8.1662532e-01   9.6139888e-01
   9.9493053e-01   8.6053671e-01   9.8110232e-01   8.3829554e-01   1.0000000e+00   8.5631289e-01   9.9404312e-01   8.5736665e-01   9.2283015e-01   8.5344579e-01   8.9373067e-01   7.9979191e-01
   8.5031733e-01   9.8489207e-01   8.2386720e-01   9.5961058e-01   8.5631289e-01   1.0000000e+00   8.4669855e-01   9.9710720e-01   8.1098601e-01   9.3078808e-01   7.5386418e-01   8.7471228e-01
   9.9296808e-01   8.5577914e-01   9.9041389e-01   8.3829619e-01   9.9404312e-01   8.4669855e-01   1.0000000e+00   8.4633415e-01   9.1249527e-01   8.4521285e-01   9.1901335e-01   8.0007045e-01
   8.5033998e-01   9.8568921e-01   8.2567982e-01   9.6312973e-01   8.5736665e-01   9.9710720e-01   8.4633415e-01   1.0000000e+00   8.2367568e-01   9.4143239e-01   7.5728047e-01   8.8504606e-01
   9.3170547e-01   8.4630507e-01   9.1571368e-01   8.4118101e-01   9.2283015e-01   8.1098601e-01   9.1249527e-01   8.2367568e-01   1.0000000e+00   8.9319297e-01   9.1470248e-01   8.6453801e-01
   8.5828723e-01   9.6975021e-01   8.3931302e-01   9.6536899e-01   8.5344579e-01   9.3078808e-01   8.4521285e-01   9.4143239e-01   8.9319297e-01   1.0000000e+00   8.2850432e-01   9.6909165e-01
   9.2078168e-01   8.0255542e-01   9.4402510e-01   8.1662532e-01   8.9373067e-01   7.5386418e-01   9.1901335e-01   7.5728047e-01   9.1470248e-01   8.2850432e-01   1.0000000e+00   8.3902165e-01
   8.1508307e-01   9.3609903e-01   8.1236119e-01   9.6139888e-01   7.9979191e-01   8.7471228e-01   8.0007045e-01   8.8504606e-01   8.6453801e-01   9.6909165e-01   8.3902165e-01   1.0000000e+00
